PLOT MODE

data : input_0407.txt
p = (-4.500000,3.000000)
p = (-2.000000,-3.000000)
p = (3.500000,0.500000)
p = (1.000000,2.000000)
